 00 FE D6 01 01 3C DC E2 00 00 00 00 00 00 00 00 00 00 00 07 00 00 FF FE 00 00 00 00 00 00 00 00 00 00 00 0D 0A[2019-04-04 09:32:09.004]
 00 FE D6 04 01 3D DC E4 00 00 00 00 00 00 00 00 00 00 00 06 00 00 00 00 00 00 00 00 00 00 00 00 00 00 00 0D 0A[2019-04-04 09:32:09.019]
 00 FE D6 06 01 3E DC E5 00 00 00 00 00 00 00 00 00 00 00 04 00 00 FF FF 00 00 00 00 00 00 00 00 00 00 00 0D 0A[2019-04-04 09:32:09.035]
 00 FE D6 07 01 3E DC E7 00 00 00 00 00 00 00 00 00 00 00 00 00 00 FF FA 00 00 00 00 00 00 00 00 00 00 00 0D 0A[2019-04-04 09:32:09.051]
 00 FE D6 06 01 3E DC EA 00 00 00 00 00 00 00 00 00 00 00 01 00 00 FF FD 00 00 00 00 00 00 00 00 00 00 00 0D 0A[2019-04-04 09:32:09.066]
 00 FF D6 08 01 3E DC EB 00 00 00 00 00 00 00 00 00 00 00 05 00 00 FF FC 00 00 00 00 00 00 00 00 00 00 00 0D 0A[2019-04-04 09:32:09.097]
 01 00 D6 06 01 3F DC EC 00 00 00 00 00 00 00 00 00 00 00 07 00 00 FF FC 00 00 00 00 00 00 00 00 00 00 00 0D 0A[2019-04-04 09:32:09.113]
 01 00 D6 05 01 3D DC EB 00 00 00 00 00 00 00 00 00 00 00 06 00 00 FF FD 00 00 00 00 00 00 00 00 00 00 00 0D 0A[2019-04-04 09:32:09.129]
 01 01 D6 05 01 3D DC EA 00 00 00 00 00 00 00 00 00 00 00 01 00 00 FF F9 00 00 00 00 00 00 00 00 00 00 00 0D 0A[2019-04-04 09:32:09.144]
 01 01 D6 07 01 3D DC EA 00 00 00 00 00 00 00 00 00 00 00 01 00 00 FF FB 00 00 00 00 00 00 00 00 00 00 00 0D 0A[2019-04-04 09:32:09.175]
 01 03 D6 06 01 3D DC EB 00 00 00 00 00 00 00 00 00 00 00 06 00 00 FF FA 00 00 00 00 00 00 00 00 00 00 00 0D 0A[2019-04-04 09:32:09.191]
 01 04 D6 04 01 3D DC ED 00 00 00 00 00 00 00 00 00 00 00 06 00 00 FF FB 00 00 00 00 00 00 00 00 00 00 00 0D 0A[2019-04-04 09:32:09.207]
 01 05 D6 05 01 3C DC EE 00 00 00 00 00 00 00 00 00 00 00 04 00 00 FF FA 00 00 00 00 00 00 00 00 00 00 00 0D 0A[2019-04-04 09:32:09.222]